332311
613211
566215
455126
526111
451111
333115
635412
542311
253116
414222
153211
436323
631424
231111
652324
532225
364122
416312
441311
423213
164326
424511
622421
111514
646214
543315
246214
224625
622426
144612
152215
111524
226124
514512
624622
244511
141226
312511
222626
223625
245123
226624
216423
222426
446222
141324
144512
526628
164423
146222
143325
145212
244429
646222
123225
143212
143225
232426
144622
242614
224426
136228
362511
312416
224423
216123
226116
224425
144226
142226
264423
143226
122224
144618
144222
152625
164226
244614
116228
212526
162226
144212
143612
126228
642226
146226
242612
142214
244626
234426
126224
152225
344312
152221
134312
144216
224325
143422
144214
142326
244618
126222
132326
242212
143614
224318
242416
116322
152612
134223
222423
244416
242214
142312
145214
136624
126624
224214
226228
126218
136224
224327
145612
514212
232226
134322
134213
142216
142224
132225
144312
136426
124422
123222
332211
252225
642526
232422
232215
124412
634213
145218
115222
132212
244215
143322
133214
146214
124325
242426
145217
132116
234226
146322
133216
144215
444312
143214
116312
136226
123214
146228
132216
142612
154612
242616
135214
132226
534422
224321
341222
145318
114214
152614
144322
114312
144412
144318
244312
113212
232212
126214
144326
144426
225328
225327
112215
143222
125225
145228
226327
132616
116612
145312
136614
525312
544312
232325
134422
146318
134226
125312
126226
144616
152622
215318
146326
232225
116328
243214
242412
242624
122312
144315
143318
134216
465218
144526
136214
145328
232416
225311
142426
142412
614327
633214
146224
142618
245428
134426
142316
222315
132416
112327
124226
152212
246322
224225
212626
344212
124322
143218
146328
124222
133224
144321
242327
116214
244326
136216
142422
143314
124327
164315
242226
124625
244317
242228
162612
125322
144328
434412
144311
644226
544212
244517
166326
135218
224317
144422
245327
226225
145222
242316
144325
152224
244216
144228
126612
134328
142318
144317
145322
145226
111312
424127
344126
224315
243327
243317
162312
246326
242428
234327
145618
112622
155212
136312
142328
144218
125214
516322
224329
232318
126326
242221
146216
114422
124328
242317
244426
125327
146317
243427
146312
146217
135422
244212
145427
144516
222327
145327
134222
114322
244327
145227
244226
145317
225325
142416
124317
115312
126327
231327
225312
144327
144217
144416
216312
143324
115327
243224
242418
234317
243417
223214
245328
242326
242417
243426
234218
143416
124425
245228
144227
246224
235218
246317
245214
235316
244427
223317
544218
242427
136322
224215
244425
142317
113227
242325
135222
126324
115218
142327
244315
134427
223417
123322
225315
133422
244217
134412
243226
224324
126317
132426
124312
116317
233317
143317
143327
145325
124214
143224
134217
224312
142217
444212
125218
243227
645228
142212
242413
623522
245426
232316
232326
143228
213327
132312
242216
223327
223212
124217
235214
142427
146227
223225
225228
223223
223227
635218
653214
542317
145213
144628
144316
242312
112222
143427
142414
245217
245317
224227
143217
113327
222226
242227
115322
224217
223427
243228
224422
135212
146327
135424
244322
145224
444322
233316
626224
532124
226317
243217
126227
223217
123227
234312
226224
232314
145628
213227
115212
242314
136327
134212
246327
123218
233227
