0 0
0.34759619171561 29.9258976865459
0.773196918355009 0.0619710882817804
1.12351878588785 5.16796922568597
1.56696778533459 1.33669645540962
1.99949370712022 0.562810454133893
2.40411827601642 -0.297127444731741
2.83739005460152 0.403324470178708
3.24133522944682 1.30226334575127
3.66420897460082 -1.00437397199233
4.11715985795032 1.89968246447519
4.52485291271942 -1.33843297646123
4.95988562385262 0.873235079325892
5.35726487678892 -0.929573588354357
5.80724434807282 -0.374750857975482
6.19127909951082 0.877763194835856
