624622
112526
543315
246214
224625
144612
433423
115314
152215
164326
611313
424611
411414
264423
426514
622426
416312
226624
131622
156613
514512
123524
146222
456415
423213
141226
441521
356612
141324
244511

141612
156223
116322
244423
244611
242214
143325
222426
144622
164423
115324
141314
622625
224426
411312
616313
611622
131313
222626
114525
563415
433415
142226
526628
426524
216423
441524
416514
144512
312511
223625
145222
456625
456325
244523
216411
144222
242614
146212
154523
224423
342611
141325
143226
244622
126222
141326
141224
146322
143225
526618
244621
126228
541626
224425
312416
146221
166322
232426
244514
145212
134312
114423
243214
136222
131226
426626
143222
122226
244425
144226
244626
134316
224422
144212
226225
144516
232422
224223
143422
124426
252215
212611
342514
126326
152213
244614
142612
126224
226622
164612
152225
343226
143612
144618
162226
232416
212526
116228
123214
143322
343215
226228
142214
164226
242612
212213
122225
134226
142312
113223
216422
212514
242626
144214
156425
244226
244413
113322
146226
142224
262216
144312
164626
334312
214125
532413
254426
326224
424623
221414
142326
132226
234426
252614
434312
242212
126628
212522
242616
112624
246218
242213
152612
152614
252225
246628
124226
112228
114225
134213
252426
143512
144216
122522
244416
242416
146326
212626
326614
262426
134322
126418
212224
442614
312526
145218
232326
222228
224325
145512
133213
244212
144314
244215
234616
244213
124422
222218
235218
134426
146228
244218
216224
145214
124224
126328
246326
144426
222423
126624
144326
144416
146126
634426
253614
224327
212214
134223
136224
142614
242222
242312
113216
126218
146318
246428
142216
242413
154612
243226
144626
236214
136624
246224
132612
143416
242226
136213
124328
145612
143214
222412
132426
143622
242426
332419
232226
232215
132214
224519
234213
124428
115312
144616
241212
542414
152622
234226
142426
244216
123226
124317
146214
336429
126324
144213
132216
246612
124222
143224
136226
345218
143326
152426
144218
144318
244426
145228
114612
234218
344226
134422
145118
124625
215215
145514
124425
212614
116312
543416
216322
146328
232325
143624
136616
114322
226317
134216
242225
152212
132616
116214
136214
136614
124213
222625
245214
222312
145318
146624
135214
146614
224324
236629
241625
144526
142218
126214
125218
133614
156319
242514
552612
145112
242624
222328
125312
146224
126318
123317
145622
135228
144422
146622
134314
144412
252612
116328
232614
126314
226327
152312
116612
246316
142624
244312
252416
642424
242415
155212
225327
542612
144322
221328
145329
661426
144228
544618
224527
112622
243612
133224
235314
126226
222226
242216
145312
125327
234315
125316
143314
245327
135222
136312
124227
225217
125216
152618
244326
144316
145225
244315
244612
224416
154412
255312
242623
525327
145213
215318
155224
144126
642426
142618
242327
126428
134618
142316
125617
143318
135428
235627
126614
224312
235316
145328
136612
135216
124214
114212
124327
225324
136627
152222
145618
111312
144323
144328
136623
125212
132416
231327
125322
254327
134412
114517
252226
124628
244317
244427
125228
245212
224216
144614
132614
124322
134328
246322
225326
234612
142422
126612
152224
224225
224317
135218
115328
125214
144327
162612
342612
163214
514324
415328
165312
156322
142318
242316
143228
135422
144321
155222
152318
116327
136424
242228
116326
262612
145322
144324
135312
114422
262617
222622
132218
145628
136322
142428
135226
142212
135424
245218
124217
116622
624327
635418
234317
442426
242322
134222
124321
465619
344319
166612
142416
114618
245426
135612
264325
144428
245427
236317
226224
155618
125328
162312
225218
235227
234327
114328
116222
226424
243317
245228
244322
243216
212412
162622
155218
516312
224315
426214
144628
233317
144528
243327
165218
214325
113214
145327
224328
145317
245418
144224
246412
244318
162318
146317
243326
142328
142322
243617
162322
232228
145216
162218
242317
243427
214327
242325
216312
562622
232224
141218
116224
153214
125318
126322
245318
144223
115218
212326
253315
222417
145227
243328
135328
145324
222327
146312
144217
223427
143327
123314
135317
124215
143417
233227
132312
125325
134317
225325
225228
233214
145427
263327
142127
242417
645327
145229
534326
141312
224217
141317
545318
253325
215327
244327
116212
223214
232227
234217
235214
146327
243428
126327
243228
245317
244217
243417
224215
145325
242326
134217
244228
214312
226324
243224
243426
244214
225315
425218
262517
225312
214117
116122
243423
143427
145313
315312
426325
223227
245328
243227
142427
246327
143317
146314
135224
124314
222317
142217
245226
142314
246317
242427
235327
146324
222227
125317
125224
123218
223417
115221
316322
144329
143216
144518
145224
126227
154312
245528
111222
253317
125217
143217
134427
243217
225314
223314
136212
243412
243314
232316
216317
146227
223424
242227
116317
145316
224417
144417
146412
115224
224227
234325
142228
562317
126229
216325
213325
344216
244527
525315
242422
252421
145518
225317
242527
135215
234212
142324
233224
216222
216316
234326
126427
234312
145417
135412
115318
134212
123227
142417
146426
214322
222224
234422
145428
134324
143227
135223
126424
526317
143127
223319
143219
223224
165216
542518
523224
442317
224125
135212
115322
242314
245217
233427
223217
125314
234215
132427
244422
224322
226322
134424
224415
233226
213227
232314
236314
233316
226427
243322
234316
543417
141517
242424
242529
134122
445227
133526
224316
545327
225627
215322
134614
135227
232317
114222
243424
235226
226214
223316
234322
216327
243218
234412
246427
124626
226227
245417
243324
134214