0 0
0.0413323057726062 8.17251308724439
0.0919400505919034 9.67749356052519
0.133596463673507 10.9433461316848
0.186326528261455 8.61018413025232
0.237757740915386 8.16476724425169
0.285871232384274 7.50437413948943
0.33739113410337 6.45783197250219
0.38542383952419 5.24520075767363
0.43570732177883 0.486393638959993
0.489567245612204 -3.3875255206306
0.538045607581345 -5.19056678417085
0.589774899979216 -5.31495211193072
0.637026858376652 -5.01082614015883
0.690533454656391 -6.08979648417571
0.736198632100938 -6.43794789178028
