111111
111112
111113
111114
111115
111116
111117
111118
111119
111121
111122
111123
111124
111125
111126
111127
111128
111129
111211
111213
111214
111215
111216
111223
111224
111225
111226
111227
111314
111315
111316
111317
111319
111325
111326
111327
111411
111413
111414
111415
111416
111425
111426
111513
111514
111515
111516
111524
111525
111526
111527
111615
111623
111624
111626
111627
111721
111725
112112
112113
112114
112115
112116
112117
112118
112121
112125
112126
112127
112211
112212
112213
112215
112216
112217
112221
112222
112223
112225
112227
112311
112313
112315
112316
112317
112321
112324
112325
112326
112327
112329
112413
112414
112415
112417
112425
112426
112516
112522
112523
112524
112527
112612
112615
112616
112619
112625
112711
113113
113115
113117
113121
113123
113125
113126
113212
113215
113217
113221
113224
113225
113226
113227
113313
113314
113315
113317
113321
113325
113326
113327
113411
113413
113415
113416
113419
113421
113426
113427
113512
113515
113516
113519
113525
113526
113527
113617
113625
113712
113715
113717
113727
114115
114116
114125
114126
114211
114213
114214
114216
114221
114223
114311
114312
114313
114316
114321
114324
114326
114327
114412
114413
114416
114425
114519
114623
114725
115113
115125
115212
115216
115222
115316
115317
115325
115327
115411
115413
115414
115415
115416
115418
115421
115424
115425
115428
115616
116215
116225
116414
116727
117115
117122
117221
117517
121114
121116
121121
121212
121213
121215
121216
121219
121222
121224
121225
121226
121311
121312
121314
121315
121316
121322
121323
121324
121326
121327
121414
121419
121512
121514
121524
121526
121527
121611
121612
121615
121616
121619
121621
121622
121624
121625
121712
121715
121716
121719
122111
122211
122215
122216
122224
122227
122312
122313
122314
122315
122316
122317
122318
122322
122327
122415
122416
122725
122727
123111
123115
123117
123123
123125
123129
123211
123212
123215
123217
123222
123225
123322
123324
123326
123414
123511
123522
123612
123616
123725
124116
124121
124124
124218
124225
124311
124312
124316
124325
124412
124514
124524
124618
124727
125112
125113
125211
125225
125315
125725
126225
126317
126611
127122
127414
131114
131121
131124
131125
131211
131213
131215
131216
131224
131314
131324
131325
131327
131514
131522
131524
131612
131716
132113
132114
132115
132116
132117
132118
132121
132125
132127
132212
132215
132222
132223
132225
132311
132316
132324
132326
132516
132615
132623
132625
132725
133113
133115
133116
133119
133121
133123
133125
133128
133214
133215
133216
133227
133317
133323
133327
133412
133413
133414
133415
133416
133417
133421
133422
133423
133424
133425
133426
133427
133428
133429
133514
133615
133616
134121
134313
134725
135111
135113
135115
135121
135124
135211
135311
135421
135425
135624
135625
135627
136216
136327
137229
137425
141111
141115
141117
141211
141215
141216
141217
141222
141311
141313
141321
141413
141514
141525
141625
141723
142111
142112
142121
142211
142213
142313
142317
142321
142327
142412
142414
142415
142419
142425
143111
143113
143211
143212
143218
143312
143313
143321
143324
143411
143414
143514
143515
143614
143617
143713
144111
144112
144121
144215
144227
144311
144315
144317
144325
144627
145111
146215
146715
151225
151312
151317
151323
151413
151414
151415
151416
151421
151423
151424
151425
151427
151429
151516
151615
151713
151714
152111
152115
152117
152121
152122
152214
152221
152314
152323
152414
152425
152513
152617
152625
153111
153121
153122
153211
153213
153215
153321
153323
153324
153515
154122
155228
156121
156326
156327
157327
161213
161215
161216
161225
162112
162121
162317
162725
163112
163113
163121
163125
163425
164112
164113
164119
165215
166312
166326
171118
171119
171125
171327
171514
171613
172113
172115
172116
172119
172121
172126
172211
173112
173119
173121
173122
174112
174113
174122
174125
174129
174226
176129
177112
177123
177412
211111
211121
211122
211213
211216
211221
211223
211224
211225
211227
211313
211314
211324
211327
211329
211411
211415
211427
211713
211719
212118
212121
212122
212211
212217
212221
212311
212313
212315
212317
212321
212323
212325
212327
212415
212423
212426
212427
212429
212518
212524
212718
213111
213121
213122
213125
213129
213212
213216
213217
213224
213317
213326
213327
213625
214115
214116
214121
214122
214211
214218
214221
214222
214224
214314
214321
214323
214324
214722
215111
215115
215121
215122
215124
215125
216112
216114
216115
216116
216118
216124
216211
216221
216321
216618
216627
217112
217113
217119
217121
217123
217124
217224
221111
221112
221113
221114
221115
221116
221117
221118
221119
221121
221122
221123
221124
221125
221126
221127
221128
221129
221211
221212
221214
221215
221217
221218
221224
221311
221318
221424
221627
221711
222111
222112
222113
222121
222122
222126
222215
222221
222311
222315
222511
222515
222615
222617
222627
222712
222718
222727
223111
223112
223113
223121
223212
223215
223222
223223
223225
223311
223317
223327
223514
224111
224112
224113
224121
224122
224214
224218
224224
224318
224321
224329
224424
225111
225112
225113
225121
225227
226112
226114
226116
226124
227114
227117
227127
227128
231111
231112
231113
231116
231119
231121
231122
231123
231124
231127
231211
231212
231214
231215
231221
231222
231312
231313
231316
231318
231415
231416
231524
231611
231623
232111
232112
232113
232121
232122
232123
232124
232125
232211
232212
232221
232225
232315
232318
232321
232327
232329
232417
232713
233111
233112
233113
233114
233121
233122
233123
233124
233125
233126
233211
233221
233311
233323
233415
233416
233518
234111
234112
234113
234121
234122
234123
234124
234125
234211
234221
235123
235125
235211
235221
235222
235426
236111
236211
236212
237117
237118
237121
237126
237127
237128
237211
237228
241111
241112
241113
241114
241115
241117
241118
241119
241121
241122
241123
241124
241127
241129
241213
241214
241215
241217
241218
241219
241221
241222
241225
241226
241229
241311
241316
241318
241323
241415
241419
241421
241423
241428
242111
242112
242113
242114
242115
242116
242118
242119
242121
242122
242123
242124
242125
242211
242221
242321
242412
242428
243111
243112
243113
243114
243115
243116
243117
243118
243119
243121
243122
243123
243124
243125
243126
243128
243129
243221
243311
243511
244111
244112
244113
244114
244115
244116
244117
244118
244119
244121
244122
244123
244124
244125
244126
244211
244221
244313
245112
245113
246114
251112
251113
251114
251115
251117
251122
251123
251124
251125
251128
251211
251214
251217
251218
251221
251222
251311
251323
251328
251525
252112
252114
252117
252118
252119
252121
252123
252124
252126
252127
252128
252211
252221
252321
253112
253114
253115
253116
253117
253118
253119
253121
253122
253123
253124
253125
253126
253127
253128
253211
253212
253221
253222
253324
254116
254123
254211
254221
255124
255125
255717
256221
257114
257125
261112
261118
261125
261127
261128
261214
261222
261225
261321
261326
262111
262113
262114
262124
262126
262128
262211
263117
263118
263121
263123
263127
263211
263221
264112
264113
264211
264212
265115
266725
267212
271113
271122
271125
271214
271222
271328
271421
272112
272113
272114
272116
272126
272128
272221
272422
273115
273116
273117
273123
273211
274124
274221
275111
275112
275421
276117
276125
276213
311111
311113
311119
311121
311122
311123
311125
311126
311211
311212
311221
311224
311311
311313
311316
311319
311325
311326
311327
311411
311426
311427
311429
311514
311619
312111
312112
312113
312121
312123
312124
312125
312126
312128
312211
312311
312313
312314
312315
312316
312317
312321
312325
312326
312327
312328
312515
313111
313112
313113
313116
313122
313211
313221
313317
313325
313411
313625
314112
314113
314211
314311
314312
314313
314323
315212
316211
316519
317211
321111
321112
321113
321114
321116
321117
321119
321121
321122
321123
321124
321211
321311
321313
321324
321427
321514
321613
321624
322111
322112
322113
322114
322115
322116
322117
322119
322122
322123
322124
322125
322221
322311
322415
323112
323113
323115
323117
323119
323121
323122
323125
323211
323219
323327
324114
324119
324121
324221
325115
325116
325221
325311
326115
326117
326124
326422
327117
327521
331111
331113
331115
331116
331118
331119
331122
331123
331126
331129
331211
331212
331311
332111
332112
332113
332114
332115
332116
332117
332118
332119
332121
332122
332123
332124
332125
332126
332128
332129
332211
332222
332311
332313
333112
333113
333115
333116
333117
333118
333119
333122
333123
333125
333128
333129
333311
334111
334112
334116
335112
335124
336129
337228
337417
341112
341113
341114
341116
341117
341119
341121
341123
341125
341127
341129
341313
342119
342122
342127
342129
342311
343112
343113
343116
343119
343221
344113
344116
344119
344123
344129
344311
344312
345122
351119
351129
352115
352125
352126
352221
352222
353114
353122
353124
353129
353223
354125
356213
357322
361111
361119
361211
361221
362112
362129
362211
363124
363212
363215
365312
371115
371119
371122
371227
373114
373117
373211
374117
374127
374311
411112
411117
411122
411123
411125
411212
411214
411215
411217
412112
412113
412114
412117
412124
412125
412126
412212
412222
412223
412315
412317
412325
412329
412729
413112
413115
413116
413123
413125
413126
413214
413221
413223
413224
414112
414221
414422
415111
416111
416118
416321
416325
417112
417116
421112
421115
421116
421117
421118
421121
421124
421126
421127
421211
421221
421511
422111
422112
422113
422114
422115
422116
422117
422118
422122
422123
422125
422126
422127
422129
422221
422321
423113
423116
423117
423118
423119
423121
423123
423129
424116
424119
424127
425118
426113
426225
427111
427123
427129
431124
431213
431222
431224
431621
432112
432113
432114
432119
432121
432122
432123
432125
432211
432213
432222
432611
433111
433125
433126
433127
433223
434112
434116
434215
434313
434611
435113
435116
435123
435125
435211
436411
436611
436621
441112
441113
441117
441213
441224
441227
442111
443113
443122
443221
444123
447123
451125
451323
452126
452212
452216
452225
452227
452229
452424
453124
455112
455115
455215
457216
461214
461222
462216
462312
462313
463113
463313
465122
466115
466324
467125
471116
471219
471312
472123
472217
472313
473127
474423
475212
511119
511124
511125
511212
511213
511222
511313
511611
512112
512113
512114
512115
512116
512117
512119
512122
512123
512124
512126
512127
512129
512212
512222
512224
512311
513112
513115
513121
513211
513221
513521
514117
514126
514224
514312
515115
515225
515322
516124
516211
516212
516322
517115
521112
521117
521118
521122
521123
521124
521125
521126
521127
521129
521221
521312
521611
522111
522112
522114
522117
522118
522119
522121
522122
522123
522124
522126
522128
522129
522218
522311
523111
523112
523114
523117
523122
523125
523127
524112
524118
524119
524122
524123
524127
524128
524129
525112
525114
525312
525512
526114
526115
526117
526121
526127
526312
527122
527126
531123
531129
531211
531212
531215
531221
531222
532111
532114
532116
532119
532121
532125
532126
532221
532225
532226
532412
533111
533112
533113
533114
533115
533116
533117
533122
533123
533127
533129
533215
534112
534116
534125
534128
534213
535124
535125
535211
536222
537111
541127
541129
541225
541313
542111
542112
542113
543113
543123
543211
543321
544115
544122
544313
545127
545214
546121
551211
551215
551319
551323
551421
552111
552122
552129
553117
553127
553229
553424
555215
556129
556226
556322
557211
561117
561125
562126
563122
563222
564427
565323
565726
566113
566214
566325
571211
571216
571227
572126
572211
572227
572324
573223
574218
575113
575215
575721
576423
611112
611113
611117
611122
611124
611125
611127
611129
611211
611213
611214
611221
611222
611224
611311
611421
611524
612111
612112
612113
612115
612117
612119
612123
612124
612212
612222
612323
613112
613115
613116
613117
613127
613211
613215
613221
613425
613613
614612
614712
615112
615114
615222
615224
616215
617113
617122
617125
617221
621112
621114
621115
621116
621119
621121
621122
621123
621125
621126
621128
621221
621223
621224
622112
622113
622114
622115
622116
622117
622118
622121
622122
622123
622124
622125
622126
622127
622129
622213
622221
622321
622412
622712
623113
623118
623121
623122
623127
623212
623218
623312
623322
623512
624116
624127
625212
626119
626127
626215
626712
627114
627116
627122
627123
627319
631123
631127
631211
631212
631216
631217
631221
631222
631227
631319
631415
631422
632111
632113
632114
632116
632118
632119
632121
632122
632123
632125
632215
632222
632226
632228
632229
632422
633115
633116
633118
633119
633121
633122
633123
633127
633128
633324
633621
633712
634112
634113
634126
634217
635211
635217
636116
636118
636216
641115
641217
641218
641225
641325
642218
642225
642227
643112
643113
643115
643122
643214
643221
643319
643513
644113
644123
644224
645125
645513
646214
646226
646311
646712
651121
651125
651222
651323
651422
652123
652125
652211
652327
652712
653122
653225
653226
653311
653315
653325
653415
653423
654413
655327
657125
661228
662117
662125
662211
662313
662317
663127
663211
663215
663229
664111
664325
665411
667414
671125
671218
672111
672211
672324
673125
674115
676312
676427
676721
711112
711113
711115
711118
711119
711122
711125
711211
711212
711213
711219
711221
711222
711226
711228
711325
711412
711627
712112
712113
712122
712123
712125
712126
712212
712214
712225
712311
712326
712526
712621
713115
713122
713125
713221
713222
713229
714112
714113
715114
715127
715212
715217
715612
716121
716212
716225
717422
717612
721112
721115
721116
721117
721118
721119
721121
721122
721125
721126
721128
721224
721229
721325
721423
721512
721611
722112
722114
722115
722117
722118
722122
722123
722124
722127
722128
722129
722214
722215
722221
722226
722227
723112
723117
723118
723122
723124
723125
723127
723128
723129
723215
723218
723219
724119
724126
724127
724219
725316
726225
726317
726322
726412
726712
727115
727117
727121
727122
727127
727411
727614
731211
731216
731217
731227
731229
731319
731324
731325
731526
731625
732111
732112
732113
732115
732117
732119
732122
732125
732126
732128
732229
732425
732725
733112
733119
733123
733127
733324
733325
734116
734118
734122
734215
735218
735317
735411
737129
741127
741224
741229
741311
742127
742329
743113
743117
743127
743519
743712
744113
744215
746323
747211
747215
747221
751218
751228
752114
752211
752225
752411
752421
754117
756523
761113
761426
762111
762112
762115
762123
762125
762215
762312
763313
763324
764112
766114
766314
766417
767421
767612
771117
771216
771217
771224
771225
771525
771725
772129
772414
773325
773414
774112
774213
774227
776215
776511
777424
777425