# Fix print output for fix 4
10 -4667.67046771444
20 -4676.12058197078
30 -4687.52484951362
40 -4686.30190587316
50 -4685.9215915764
60 -4684.70739385198
70 -4682.99993829483
80 -4682.38723473663
90 -4679.57652532388
100 -4681.10537084434
110 -4678.33853237839
120 -4679.15070777457
130 -4678.18908995971
140 -4683.91161524099
150 -4684.77539502572
160 -4684.84510018769
170 -4681.4366980893
180 -4681.86417338639
190 -4679.46680185952
200 -4678.40593799512
210 -4679.02516155619
220 -4678.99574597068
230 -4680.13937634043
240 -4677.2260543067
250 -4677.52042092181
260 -4679.07552759459
270 -4682.44222453411
280 -4681.26212096181
290 -4679.22641916905
300 -4676.99458132519
310 -4676.0925399081
320 -4675.20134031147
330 -4674.8611220735
340 -4675.77768118512
350 -4675.79044402536
360 -4678.78494514418
370 -4674.27181769683
380 -4675.68277197668
390 -4677.11077781774
400 -4681.55167533974
410 -4676.73709259392
420 -4673.47841075122
430 -4671.00259997159
440 -4671.94263588037
450 -4674.38975945187
460 -4672.69681406279
470 -4673.65534817878
480 -4674.06626149099
490 -4675.65366901201
500 -4673.9851807413
510 -4675.08427251545
520 -4673.60660417627
530 -4677.09717820233
540 -4670.73280413768
550 -4670.17961778925
560 -4669.82466568145
570 -4674.18754304471
580 -4673.21157060023
590 -4672.0653363294
600 -4673.4144434223
610 -4673.27282733072
620 -4674.69057347194
630 -4671.92188251108
640 -4671.92494720554
650 -4670.34814477244
660 -4670.46543198303
670 -4668.33059106912
680 -4669.2512207508
690 -4673.89541815195
700 -4675.8266865151
710 -4674.41312354621
720 -4670.51899206693
730 -4673.24364043555
740 -4671.0003169008
750 -4670.84734856684
760 -4669.41153974564
770 -4671.84096170252
780 -4673.38999597799
790 -4673.23109160063
800 -4673.12632657884
810 -4673.91152996247
820 -4673.92282024896
830 -4672.8221922416
840 -4669.17863548921
850 -4670.10189279411
860 -4671.76559887113
870 -4672.64490349447
880 -4672.38358975142
890 -4676.70658782829
900 -4678.16452716206
910 -4676.93079446784
920 -4671.82534694843
930 -4671.86781390067
940 -4672.78575318911
950 -4673.98535149901
960 -4672.04906480661
970 -4671.36037930399
980 -4674.31323710082
990 -4677.39860918296
1000 -4677.21952813637
1010 -4674.1412080036
1020 -4673.28031692658
1030 -4673.75615254566
1040 -4670.54491223889
1050 -4671.31999374264
1060 -4673.18028701958
1070 -4676.20173319801
1080 -4674.5732759926
1090 -4674.86389017869
1100 -4673.60270958202
1110 -4674.81303988843
1120 -4674.51005160615
1130 -4673.73412963594
1140 -4672.55790109421
1150 -4672.26267997713
1160 -4673.46707036707
1170 -4671.274069889
1180 -4671.47463961373
1190 -4671.78552752912
1200 -4672.73334783392
1210 -4671.66595037389
1220 -4670.29134001153
1230 -4673.86867187751
1240 -4675.44678566901
1250 -4674.99635435629
1260 -4672.38206026493
1270 -4672.77629267583
1280 -4672.50042901911
1290 -4671.08221846654
1300 -4670.27838659101
1310 -4670.78139657374
1320 -4673.77965430119
1330 -4675.18664834205
1340 -4674.13774107627
1350 -4670.37745872223
1360 -4671.72512753061
1370 -4670.98637403017
1380 -4671.10700530046
1390 -4669.06535796982
1400 -4672.37838957804
1410 -4673.15551619001
1420 -4674.95185547268
1430 -4674.09950896787
1440 -4674.33745747701
1450 -4672.48450654811
1460 -4673.22842205
1470 -4672.14746042792
1480 -4673.57293069981
1490 -4674.61065867941
1500 -4673.58116464234
1510 -4671.9984475882
1520 -4672.27429430436
1530 -4672.72702118651
1540 -4672.42454450807
1550 -4671.95514561879
1560 -4673.07126785107
1570 -4673.7472332905
1580 -4674.8934825944
1590 -4673.52441403337
1600 -4674.01311125648
1610 -4673.95754453327
1620 -4675.22308593259
1630 -4673.03862074267
1640 -4672.12796312306
1650 -4673.60963834482
1660 -4675.32427018043
1670 -4675.99545346953
1680 -4672.726237916
1690 -4674.0601828463
1700 -4674.23978161794
1710 -4673.77492322666
1720 -4671.73162392915
1730 -4669.68416307434
1740 -4670.78940828629
1750 -4674.2351120793
1760 -4673.77081469517
1770 -4673.54703694649
1780 -4672.60406774362
1790 -4674.70481779688
1800 -4674.01296881691
1810 -4673.82989155414
1820 -4674.20189778485
1830 -4674.60150483954
1840 -4672.48329331609
1850 -4672.6724206426
1860 -4672.33996118457
1870 -4672.86309580813
1880 -4669.96919858002
1890 -4669.88920442318
1900 -4670.4978136786
1910 -4673.38251599425
1920 -4673.04856297238
1930 -4672.36577014245
1940 -4671.91478891847
1950 -4674.76198316313
1960 -4673.43099844612
1970 -4671.6317816623
1980 -4671.51948689646
1990 -4673.54030228383
2000 -4673.4722986339
2010 -4672.77961146856
2020 -4672.85694842446
2030 -4673.6164890532
2040 -4674.60725029029
2050 -4672.40219296059
2060 -4670.06984385643
2070 -4670.47602311952
2080 -4672.339966355
2090 -4671.51938234504
2100 -4672.49310146822
2110 -4672.08041120023
2120 -4673.87419008852
2130 -4674.33073992255
2140 -4673.86123216464
2150 -4674.21878904909
2160 -4675.11543601358
2170 -4673.78853662633
2180 -4673.25574331907
2190 -4672.64922206223
2200 -4673.62573222109
2210 -4672.71740263254
2220 -4673.06555700429
2230 -4672.32082308636
2240 -4674.21521814279
2250 -4673.25213111913
2260 -4673.26562189831
2270 -4672.46882100653
2280 -4673.98081609513
2290 -4673.80053988579
2300 -4674.23665397192
2310 -4671.76132082583
2320 -4672.12355138851
2330 -4673.65549315925
2340 -4674.23438203921
2350 -4674.36588828596
2360 -4674.24109814922
2370 -4674.86643579338
2380 -4673.65278607237
2390 -4672.88619124376
2400 -4672.49834201097
2410 -4672.25292681103
2420 -4671.90153582888
2430 -4671.96939363537
2440 -4671.03777241674
2450 -4674.2757635588
2460 -4673.79219277466
2470 -4672.89010929645
2480 -4672.14939150564
2490 -4673.54857701312
2500 -4672.64015709642
2510 -4672.02720526974
2520 -4672.00381378131
2530 -4672.44541854817
2540 -4673.12552713873
2550 -4672.06187390184
2560 -4672.78265322387
2570 -4671.37100690055
2580 -4672.86490531835
2590 -4672.3752590609
2600 -4672.07590256198
2610 -4671.52262876456
2620 -4673.11599572358
2630 -4672.49423236036
2640 -4672.65173746366
2650 -4671.52307239608
2660 -4672.52758345882
2670 -4672.92164509608
2680 -4672.77854319209
2690 -4671.40583058919
2700 -4672.6989930021
2710 -4673.35956932962
2720 -4674.45024820525
2730 -4673.26047197266
2740 -4673.48536050474
2750 -4673.30104266566
2760 -4673.36449665788
2770 -4672.72406656659
2780 -4673.35951356754
2790 -4673.99241420897
2800 -4674.56045814564
2810 -4674.17951848397
2820 -4673.700191851
2830 -4674.02086383912
2840 -4674.28737944196
2850 -4673.7571166703
2860 -4674.2069001852
2870 -4673.66755314696
2880 -4673.30284073147
2890 -4673.93207128252
2900 -4675.23022041629
2910 -4674.19331284657
2920 -4674.09919473303
2930 -4672.5474249582
2940 -4673.37589951382
2950 -4673.1244837531
2960 -4673.53551650739
2970 -4673.6494774102
2980 -4673.72686993531
2990 -4673.17575059631
3000 -4672.56440003569
3010 -4672.72645842183
3020 -4673.0583264961
3030 -4673.99717896574
3040 -4673.71031644314
3050 -4672.46060499533
3060 -4672.69760254319
3070 -4671.91370650309
3080 -4674.07126324
3090 -4672.39203664967
3100 -4673.76607947559
3110 -4672.02802547469
3120 -4672.66072376131
3130 -4672.11109264644
3140 -4672.93508654562
3150 -4672.39202168098
3160 -4673.54111424638
3170 -4672.89908411634
3180 -4672.81981262332
3190 -4671.49565682786
3200 -4673.98046459761
3210 -4673.08017591929
3220 -4674.4026537153
3230 -4672.96036178896
3240 -4673.29486693345
3250 -4672.20836272701
3260 -4672.72684201599
3270 -4671.79569427247
3280 -4672.57000187348
3290 -4672.79489183619
3300 -4672.70355287614
3310 -4673.01431110607
3320 -4673.80950792192
3330 -4673.44071922736
3340 -4673.5831003704
3350 -4672.767279391
3360 -4672.08120537642
3370 -4671.85550174834
3380 -4673.12084844163
3390 -4673.18980580073
3400 -4673.8301570876
3410 -4673.59634766081
3420 -4673.83422907612
3430 -4674.3093401355
3440 -4673.27058824956
3450 -4673.26398555806
3460 -4673.42117069737
3470 -4673.1500152266
3480 -4673.3934327555
3490 -4673.56182468105
3500 -4673.61950288796
3510 -4673.45654754688
3520 -4673.64612939849
3530 -4673.06745114313
3540 -4675.29483222958
3550 -4673.68756444025
3560 -4674.81286209684
3570 -4673.70015060755
3580 -4674.70689709079
3590 -4673.09558254175
3600 -4674.23454656251
3610 -4672.42447395132
3620 -4673.44526984669
3630 -4673.37856645368
3640 -4674.0963537761
3650 -4674.11684790259
3660 -4673.47008074623
3670 -4673.04392106492
3680 -4673.58619761735
3690 -4672.34249052633
3700 -4671.5072098639
3710 -4672.09899509062
3720 -4672.53681134054
3730 -4672.28205612524
3740 -4672.34966860467
3750 -4672.62574373662
3760 -4674.16241334122
3770 -4672.29135145963
3780 -4672.61871191715
3790 -4672.18037520888
3800 -4671.612509746
3810 -4672.04090996781
3820 -4671.53479069015
3830 -4672.24779292285
3840 -4672.02209535222
3850 -4672.64224392782
3860 -4671.76141719553
3870 -4673.47534197798
3880 -4671.92833789394
3890 -4673.73162106206
3900 -4672.65168234768
3910 -4674.36498430067
3920 -4670.74504461695
3930 -4672.00853761147
3940 -4672.04796410576
3950 -4672.9973488908
3960 -4672.94785459836
3970 -4672.9527836777
3980 -4673.39313367702
3990 -4673.83167519051
4000 -4673.74641634943
4010 -4673.34815405834
4020 -4672.64580467378
4030 -4673.25943814342
4040 -4673.18003766164
4050 -4673.64378901248
4060 -4672.7390969426
4070 -4672.99745540682
4080 -4673.91010380288
4090 -4674.63702774534
4100 -4674.10400119892
4110 -4672.99863172337
4120 -4674.89110863796
4130 -4674.4888055261
4140 -4674.31755365758
4150 -4673.37913875051
4160 -4674.64983807631
4170 -4674.11964585298
4180 -4673.68810154878
4190 -4674.327873114
4200 -4674.94592104296
4210 -4675.15867243617
4220 -4676.06067736373
4230 -4674.96095912991
4240 -4675.30567470436
4250 -4674.20411885363
4260 -4675.2446991872
4270 -4675.67414153999
4280 -4675.5020934688
4290 -4674.59630291908
4300 -4674.49802612379
4310 -4675.41491789378
4320 -4675.09366937872
4330 -4675.31169787429
4340 -4673.5824018116
4350 -4674.09937628707
4360 -4674.11255443535
4370 -4674.67425345256
4380 -4673.28043827558
4390 -4673.4485297239
4400 -4674.10682778742
4410 -4673.43464917055
4420 -4673.91454911089
4430 -4673.45334498613
4440 -4672.31556706352
4450 -4672.96541105565
4460 -4674.77670338045
4470 -4672.94734057599
4480 -4672.60705362894
4490 -4671.8048092606
4500 -4673.12622946006
4510 -4673.25636957013
4520 -4673.28214730145
4530 -4672.19481566501
4540 -4673.33062357542
4550 -4672.63059304183
4560 -4673.13064217666
4570 -4672.16205975448
4580 -4672.69522649627
4590 -4671.74031631772
4600 -4671.90970296531
4610 -4671.49108244048
4620 -4672.69254643179
4630 -4672.90011485406
4640 -4671.94015972377
4650 -4672.25391516218
4660 -4673.17168388279
4670 -4672.27240804443
4680 -4672.38596993302
4690 -4671.70275889022
4700 -4672.63112917061
4710 -4672.21310424239
4720 -4674.09248257214
4730 -4672.4484989263
4740 -4672.86624867807
4750 -4671.99105873533
4760 -4673.02260762339
4770 -4672.45642558467
4780 -4673.08473368771
4790 -4672.08154328016
4800 -4672.33765581098
4810 -4672.95649629658
4820 -4672.93552305438
4830 -4673.71995482026
4840 -4673.11112551173
4850 -4673.17626597288
4860 -4673.26696837595
4870 -4674.10498885306
4880 -4673.64666410867
4890 -4673.58538335206
4900 -4673.07447131979
4910 -4674.3224258924
4920 -4672.58066767472
4930 -4672.50014665316
4940 -4673.85535363763
4950 -4674.28837798384
4960 -4674.25409584664
4970 -4673.53224150868
4980 -4673.31733882031
4990 -4672.67010708126
5000 -4672.87400127454
