0 0
5010 -4662.01353543339
5020 -4648.61291990291
5030 -4634.12772285737
5040 -4615.267211816
5050 -4591.73610959075
5060 -4584.67343561417
5070 -4572.63721165263
5080 -4567.03356793253
5090 -4564.95363964995
5100 -4566.92544115253
5110 -4568.6641640131
5120 -4568.81330989682
5130 -4574.31787221086
5140 -4573.16850709707
5150 -4574.3207054023
5160 -4571.61336662454
5170 -4573.92367902064
5180 -4572.19503217548
5190 -4569.1331988782
5200 -4570.19928689055
5210 -4571.39428764505
5220 -4572.06468452487
5230 -4571.80519781226
5240 -4569.01611325844
5250 -4571.32543908845
5260 -4572.90623682294
5270 -4570.74059206814
5280 -4572.65098719732
5290 -4566.68539635965
5300 -4568.53143766605
5310 -4567.95623806616
5320 -4570.50659448954
5330 -4568.54974496499
5340 -4570.67654232862
5350 -4570.29417382849
5360 -4570.70153623872
5370 -4571.57412967675
5380 -4572.42485432986
5390 -4574.13312598708
5400 -4574.53201946719
5410 -4571.23398893082
5420 -4571.65209954259
5430 -4570.92426417077
5440 -4570.79950829781
5450 -4572.76144238761
5460 -4572.7288337038
5470 -4571.58371992986
5480 -4571.99729069897
5490 -4572.85824237178
5500 -4573.87400598644
5510 -4575.88601613649
5520 -4576.78717567816
5530 -4576.78106750451
5540 -4577.40215481246
5550 -4577.21411842895
5560 -4578.32108248994
5570 -4578.59185260543
5580 -4579.76090342959
5590 -4579.62542192501
5600 -4580.82052025709
5610 -4580.76513421577
5620 -4581.5424208282
5630 -4581.4085863631
5640 -4583.11295606419
5650 -4582.62674326198
5660 -4583.70639612581
5670 -4583.50867079838
5680 -4583.94025799082
5690 -4584.3415873266
5700 -4584.48166420148
5710 -4584.97174428238
5720 -4584.96384372342
5730 -4584.99143404667
5740 -4585.26566418896
5750 -4585.19857812347
5760 -4586.1599249505
5770 -4585.47023714223
5780 -4585.57108786546
5790 -4586.18986560835
5800 -4586.93337660857
5810 -4586.60674653628
5820 -4586.77699741497
5830 -4587.10867534004
5840 -4587.12664596457
5850 -4587.45282751691
5860 -4587.9385197116
5870 -4587.6533680428
5880 -4587.89700564252
5890 -4588.86534749012
5900 -4588.28454409722
5910 -4589.07053637765
5920 -4588.82469937328
5930 -4588.90366500587
5940 -4589.24164816204
5950 -4588.81016100906
5960 -4588.97981228404
5970 -4589.05000043399
5980 -4589.71896103369
5990 -4588.96982209405
6000 -4589.25940129397
6010 -4589.39990253656
6020 -4589.08549577383
6030 -4589.98923659464
6040 -4588.78729660964
6050 -4590.16720203948
6060 -4590.36088261692
6070 -4591.5327631779
6080 -4592.25278530726
6090 -4591.79917973808
6100 -4590.82216647311
6110 -4590.44140611576
6120 -4592.0953600379
6130 -4591.63758744922
6140 -4591.37208990721
6150 -4590.00725406836
6160 -4590.16485884701
6170 -4590.8662759946
6180 -4590.70949335888
6190 -4590.00141559563
6200 -4589.25923510297
6210 -4589.30686711283
6220 -4589.95157642178
6230 -4590.82382306306
6240 -4588.84555423536
6250 -4589.56277147439
6260 -4589.09479903554
6270 -4589.19985028224
6280 -4588.27577444309
6290 -4589.15886921004
6300 -4587.96342506604
6310 -4588.57208681579
6320 -4588.11777542365
6330 -4588.69532177813
6340 -4589.13665316921
6350 -4587.8708565925
6360 -4587.12225872227
6370 -4587.31354972988
6380 -4588.871660309
6390 -4588.13984487603
6400 -4588.5385468192
6410 -4587.006605561
6420 -4588.37803954334
6430 -4587.77507741948
6440 -4587.44713484743
6450 -4588.63701857955
6460 -4589.04524022317
6470 -4588.59769441158
6480 -4587.04260682163
6490 -4588.66121543084
6500 -4589.10664209233
